0,490
0,468
0,410
395,4
395,3
395,2
395,1
395,0
393,3
393,2
393,1
393,0
392,4
392,3
392,2
392,1
392,0
391,3
391,2
391,1
391,0
390,4
390,3
390,2
390,1
390,0
389,3
389,2
389,1
389,0
388,3
388,2
388,1
388,0
387,4
387,3
387,2
387,0
386,3
386,2
386,1
386,0
385,4
385,3
385,2
385,1
385,0
97,2
20,2
20,3
20,1
14,2
14,0
12,3
19,2
12,2
19,1
19,3
12,1
11,3
11,2
11,1
10,3
10,2
10,1
9,3
9,2
18,1
9,1
18,3
8,3
14,4
8,2
8,1
3,3
2,2
3,2
2,1
3,1
0,322
2,3
0,278
387,1
0,243
387,5
0,270
0,273
97,1
0,0
97,3
14,5
0,333
14,1
14,6
13,1
13,3
14,3
0,9
396,34
396,33
396,32
396,31
396,30
396,29
396,28
396,27
396,26
